object={
	name="bridge 01"
	clamp_to_water_level=no
	render_under_water=yes
	generated_content=no
	layer="temp_layer"
	pdxmesh="bridge_01_mesh"
	count=143
	transform="2169.333252 1.000000 3133.833252 0.000000 -0.475624 0.000000 -0.879649 1.000000 1.000000 1.000000
2252.300537 1.758301 3072.518799 0.000000 -0.668337 0.000000 -0.743859 1.000000 1.000000 1.000000
1957.666626 1.000000 2955.166748 0.000000 0.574370 0.000000 -0.818595 1.000000 1.000000 1.000000
1926.595215 2.100342 2866.955078 0.000000 -0.467158 0.000000 -0.884174 1.000000 1.000000 1.000000
1979.666626 1.855713 2833.666748 0.000000 -0.084547 0.000000 -0.996419 1.000000 1.000000 1.000000
2006.166626 1.980713 2822.666748 0.000000 -0.358629 0.000000 -0.933480 1.000000 1.000000 1.000000
2086.000000 2.254150 2776.166748 0.000000 -0.641428 0.000000 -0.767183 1.000000 1.000000 1.000000
2217.833252 1.000000 2210.000000 0.000000 -0.344479 0.000000 -0.938794 1.000000 1.000000 1.000000
2007.833374 1.000000 2428.666748 0.000000 0.518773 0.000000 -0.854912 1.000000 1.000000 1.000000
2005.166626 1.000000 2385.500000 0.000000 -0.475624 0.000000 -0.879649 1.000000 1.000000 1.000000
1978.000000 1.000000 2446.000000 0.000000 0.028794 0.000000 -0.999585 1.000000 1.000000 1.000000
1957.333374 1.000000 2444.500000 0.000000 -0.143493 0.000000 -0.989651 1.000000 1.000000 1.000000
2353.776611 1.000000 3324.109131 0.000000 0.173023 0.000000 -0.984918 1.000000 1.000000 1.000000
2351.500000 1.000000 2782.500000 0.000000 0.006109 0.000000 -0.999981 1.000000 1.000000 1.000000
2478.000000 1.000000 2721.666748 0.000000 -0.235990 0.000000 -0.971755 1.000000 1.000000 1.000000
2416.702148 1.000000 3015.876221 0.000000 0.523532 0.000000 -0.852006 1.000000 1.000000 1.000000
2332.960693 1.618408 3034.218994 0.000000 -0.378327 0.000000 -0.925672 1.000000 1.000000 1.000000
2404.645264 1.000000 3325.850342 0.000000 0.639962 0.000000 -0.768407 1.000000 1.000000 1.000000
2397.666748 1.000000 3255.333252 0.000000 0.599146 0.000000 -0.800640 1.000000 1.000000 1.000000
2418.833252 1.000000 3171.333252 0.000000 0.791663 0.000000 -0.610958 1.000000 1.000000 1.000000
2409.612305 1.000000 3063.017334 0.000000 -0.294874 0.000000 -0.955536 1.000000 1.000000 1.000000
2432.500000 1.000000 3400.833252 0.000000 0.422618 0.000000 -0.906308 1.000000 1.000000 1.000000
2520.666748 1.000000 3119.333252 0.000000 -0.339559 0.000000 -0.940585 1.000000 1.000000 1.000000
2578.303467 1.692871 3129.695068 0.000000 0.325568 0.000000 -0.945519 1.000000 1.000000 1.000000
2628.792480 1.837158 3124.680420 0.000000 0.218584 0.000000 -0.975818 1.000000 1.000000 1.000000
2672.688721 1.744141 3223.169434 0.000000 -0.412310 0.000000 -0.911044 1.000000 1.000000 1.000000
2810.817383 2.174805 3194.010498 0.000000 -0.001653 0.000000 -0.999999 1.000000 1.000000 1.000000
2922.193848 1.000000 3125.909180 0.000000 -0.475797 0.000000 -0.879555 1.000000 1.000000 1.000000
2926.514893 2.010254 3103.636475 0.000000 0.444338 0.000000 -0.895859 1.100147 1.100147 1.100147
2878.596924 1.000000 2999.273193 0.000000 -0.595685 0.000000 -0.803218 1.000000 1.000000 1.000000
2826.256104 1.000000 2996.797119 0.000000 -0.311506 0.000000 -0.950244 1.000000 1.000000 1.000000
2771.608398 2.033691 3024.407227 0.000000 0.103353 0.000000 -0.994645 1.000000 1.000000 1.000000
2665.281006 1.000000 3006.360596 0.000000 0.760566 0.000000 -0.649260 1.000000 1.000000 1.000000
2602.666748 1.000000 2820.833252 0.000000 0.268079 0.000000 -0.963397 1.000000 1.000000 1.000000
2475.500000 1.000000 2975.000000 0.000000 0.220697 0.000000 -0.975342 1.000000 1.000000 1.000000
2449.333252 1.000000 2865.333252 0.000000 -0.378649 0.000000 -0.925541 1.000000 1.000000 1.000000
2514.000000 1.000000 2725.833252 0.000000 0.384295 0.000000 -0.923210 1.000000 1.000000 1.000000
2490.333252 1.000000 2735.333252 0.000000 -0.139173 0.000000 -0.990268 1.000000 1.000000 1.000000
2497.500000 1.000000 2678.500000 0.000000 -0.477925 0.000000 -0.878400 1.000000 1.000000 1.000000
2518.500000 1.000000 2642.000000 0.000000 -0.548293 0.000000 -0.836286 1.000000 1.000000 1.000000
2557.333252 1.000000 3383.833252 0.000000 -0.484046 0.000000 -0.875042 1.000000 1.000000 1.000000
2623.535156 1.000000 3331.714844 0.000000 -0.421036 0.000000 -0.907044 1.000000 1.000000 1.000000
2711.667480 1.763184 3224.874023 0.000000 -0.147809 0.000000 -0.989016 1.000000 1.000000 1.000000
2598.907959 1.000000 3670.084717 0.000000 -0.019197 0.000000 -0.999816 1.000000 1.000000 1.000000
2824.705566 1.000000 3509.421387 0.000000 -0.160743 0.000000 -0.986996 1.000000 1.000000 1.000000
2599.500000 1.000000 2346.333252 0.000000 -0.358368 0.000000 -0.933580 1.000000 1.000000 1.000000
2459.000000 1.000000 2494.333252 0.000000 -0.269760 0.000000 -0.962928 1.000000 1.000000 1.000000
2598.666748 1.000000 2587.666748 0.000000 -0.259662 0.000000 -0.965700 1.000000 1.000000 1.000000
2778.166748 1.000000 2501.000000 0.000000 -0.382683 0.000000 -0.923880 1.000000 1.000000 1.000000
2706.000000 1.000000 2381.333252 0.000000 0.335452 0.000000 -0.942057 1.000000 1.000000 1.000000
3197.997070 0.883057 2571.553223 0.000000 0.036223 0.000000 -0.999344 1.000000 1.000000 1.000000
3161.730225 2.570557 2460.258545 0.000000 0.398545 0.000000 -0.917149 1.000000 1.000000 1.000000
3050.833252 1.978760 2447.333252 0.000000 0.523194 0.000000 -0.852214 1.000000 1.000000 1.000000
3393.896240 2.050293 2450.791016 0.000000 -0.448539 0.000000 -0.893763 1.390845 1.390845 1.390845
3258.579834 2.182373 2568.856201 0.000000 -0.731586 0.000000 -0.681749 1.175610 1.175610 1.175610
3122.931152 1.688477 3096.270508 0.000000 -0.078459 0.000000 -0.996917 1.000000 1.000000 1.000000
3225.913330 1.000000 3046.533203 0.000000 -0.427358 0.000000 -0.904083 1.000000 1.000000 1.000000
3252.427490 1.000000 2990.165527 0.000000 -0.482518 0.000000 -0.875886 1.000000 1.000000 1.000000
3379.500000 1.000000 2868.666748 0.000000 -0.457098 0.000000 -0.889416 1.000000 1.000000 1.000000
3239.262939 1.000000 2726.758057 0.000000 0.463030 0.000000 -0.886343 1.000000 1.000000 1.000000
3002.247559 2.355957 2630.016602 0.000000 -0.301334 0.000000 -0.953519 1.000000 1.000000 1.000000
3304.791748 1.000000 3013.202637 0.000000 -0.344281 0.000000 -0.938866 1.065747 1.065747 1.065747
3502.293701 1.000000 3044.302002 0.000000 0.332984 0.000000 -0.942932 1.000000 1.000000 1.000000
3621.274902 1.000000 3171.358887 0.000000 -0.443853 0.000000 -0.896099 1.000000 1.000000 1.000000
1922.666626 1.000000 2683.666748 0.000000 -0.288196 0.000000 -0.957571 1.000000 1.000000 1.000000
2124.286865 1.000000 2733.163574 0.000000 0.801064 0.000000 -0.598579 1.000000 1.000000 1.000000
2107.833252 1.000000 2663.666748 0.000000 0.466135 0.000000 -0.884714 1.000000 1.000000 1.000000
2026.604126 2.357178 2623.717041 0.000000 0.348351 0.000000 -0.937364 1.000000 1.000000 1.000000
2202.333252 1.000000 2775.166748 0.000000 0.466387 0.000000 -0.884581 1.000000 1.000000 1.000000
2083.926025 1.000000 3015.776367 0.000000 -0.109999 0.000000 -0.993932 1.000000 1.000000 1.000000
2202.000000 1.000000 2945.166748 0.000000 -0.147809 0.000000 -0.989016 1.000000 1.000000 1.000000
2215.833252 1.000000 2893.833252 0.000000 -0.317940 0.000000 -0.948111 1.000000 1.000000 1.000000
2399.166748 1.000000 3655.500000 0.000000 0.177085 0.000000 -0.984196 1.000000 1.000000 1.000000
2838.666748 1.000000 3441.000000 0.000000 0.291477 0.000000 -0.956578 1.000000 1.000000 1.000000
2743.833252 1.000000 3361.166748 0.000000 0.466021 0.000000 -0.884774 1.000000 1.000000 1.000000
2665.506348 1.000000 3328.870850 0.000000 0.033155 0.000000 -0.999450 1.000000 1.000000 1.000000
2669.000000 1.000000 2402.833252 0.000000 -0.494700 0.000000 -0.869064 1.000000 1.000000 1.000000
2554.000000 1.000000 2485.500000 0.000000 -0.000000 0.000000 -1.000000 1.000000 1.000000 1.000000
2467.166748 1.000000 2545.666748 0.000000 -0.152123 0.000000 -0.988362 1.000000 1.000000 1.000000
2264.166748 1.000000 3291.000000 0.000000 -0.451656 0.000000 -0.892192 1.000000 1.000000 1.000000
2302.333252 1.000000 3179.000000 0.000000 0.454768 0.000000 -0.890610 1.000000 1.000000 1.000000
3036.779053 2.025879 2715.843262 0.000000 -0.185805 0.000000 -0.982587 1.000000 1.000000 1.000000
3095.166748 2.029297 2477.666748 0.000000 0.508187 0.000000 -0.861247 1.000000 1.000000 1.000000
2956.743652 1.604492 2555.291260 0.000000 -0.149535 0.000000 -0.988756 1.000000 1.000000 1.000000
3085.892334 2.280762 3068.698730 0.000000 0.423497 0.000000 -0.905898 1.000000 1.000000 1.000000
3172.015381 2.181396 2961.422852 0.000000 -0.397148 0.000000 -0.917755 1.000000 1.000000 1.000000
2975.666748 1.000000 2290.500000 0.000000 -0.000000 0.000000 -1.000000 1.000000 1.000000 1.000000
3096.166748 1.000000 2304.833252 0.000000 0.197657 0.000000 -0.980271 1.000000 1.000000 1.000000
3404.500000 1.000000 2305.166748 0.000000 -0.000000 0.000000 -1.000000 1.000000 1.000000 1.000000
3291.666748 1.922852 2252.833252 0.000000 0.593574 0.000000 -0.804780 1.000000 1.000000 1.000000
3441.356934 2.270996 2234.454834 0.000000 -0.612832 0.000000 -0.790213 1.000000 1.000000 1.000000
3354.835449 2.543213 2201.127197 0.000000 -0.045106 0.000000 -0.998982 1.000000 1.000000 1.000000
1989.666626 1.000000 2348.833252 0.000000 -0.524729 0.000000 -0.851269 1.000000 1.000000 1.000000
1944.666626 1.000000 2379.000000 0.000000 0.363251 0.000000 -0.931691 1.000000 1.000000 1.000000
2082.666748 1.000000 2268.500000 0.000000 -0.398749 0.000000 -0.917060 1.000000 1.000000 1.000000
2077.000000 1.000000 2340.500000 0.000000 -0.092371 0.000000 -0.995725 1.000000 1.000000 1.000000
2081.833252 1.000000 2414.166748 0.000000 0.117537 0.000000 -0.993068 1.000000 1.000000 1.000000
2115.000000 1.000000 2380.000000 0.000000 -0.000000 0.000000 -1.000000 1.000000 1.000000 1.000000
2104.000000 1.000000 2319.000000 0.000000 0.036644 0.000000 -0.999328 1.000000 1.000000 1.000000
2413.000000 1.000000 2192.000000 0.000000 -0.065403 0.000000 -0.997859 1.000000 1.000000 1.000000
2473.166748 1.000000 2216.500000 0.000000 0.010472 0.000000 -0.999945 1.000000 1.000000 1.000000
2488.500000 1.000000 2280.833252 0.000000 -0.098451 0.000000 -0.995142 1.000000 1.000000 1.000000
2501.666748 1.000000 2309.666748 0.000000 -0.453990 0.000000 -0.891007 1.000000 1.000000 1.000000
1913.333374 1.000000 2563.166748 0.000000 -0.444635 0.000000 -0.895712 1.000000 1.000000 1.000000
1931.166626 1.000000 2503.666748 0.000000 0.461749 0.000000 -0.887011 1.000000 1.000000 1.000000
3617.348633 1.000000 2491.648682 0.000000 -0.290702 0.000000 -0.956814 1.000000 1.000000 1.000000
3562.237305 1.000000 2683.903076 0.000000 0.652849 0.000000 -0.757488 1.000000 1.000000 1.000000
3684.797852 1.000000 2773.639160 0.000000 0.167589 0.000000 -0.985857 1.000000 1.000000 1.000000
5984.908203 1.947266 3122.912354 0.000000 -0.389682 0.000000 -0.920949 1.000000 1.000000 1.000000
5894.660645 1.000000 3185.700928 0.000000 -0.471956 0.000000 -0.881622 1.000000 1.000000 1.000000
5831.000000 1.000000 3283.833252 0.000000 -0.542869 0.000000 -0.839818 1.000000 1.000000 1.000000
6102.666504 1.000000 3163.000000 0.000000 -0.000000 0.000000 -1.000000 1.000000 1.000000 1.000000
6116.500000 2.183594 3077.833252 0.000000 0.332984 0.000000 -0.942932 1.000000 1.000000 1.000000
5997.000000 1.000000 3015.666748 0.000000 -0.078459 0.000000 -0.996917 1.000000 1.000000 1.000000
4885.000000 1.000000 3299.833252 0.000000 -0.137445 0.000000 -0.990509 1.000000 1.000000 1.000000
4997.924805 1.000000 3201.317139 0.000000 -0.480224 0.000000 -0.877146 1.000000 1.000000 1.000000
4958.666504 1.946777 3142.333252 0.000000 0.309882 0.000000 -0.950775 1.000000 1.000000 1.000000
5046.166504 1.000000 2982.666748 0.000000 -0.226651 0.000000 -0.973976 1.000000 1.000000 1.000000
5022.563477 2.076172 2987.244141 0.000000 0.302881 0.000000 -0.953028 1.000000 1.000000 1.000000
4898.008301 2.176758 3338.547607 0.000000 -0.000000 0.000000 -1.000000 1.000000 1.000000 1.000000
5061.833496 1.000000 3330.333252 0.000000 0.156434 0.000000 -0.987688 1.000000 1.000000 1.000000
4082.748779 2.577637 3448.354492 0.000000 -0.355923 0.000000 -0.934515 1.000000 1.000000 1.000000
4128.575195 3.064697 3343.385986 0.000000 -0.651710 0.000000 -0.758468 1.000000 1.000000 1.000000
4239.500000 1.000000 3250.500000 0.000000 0.078459 0.000000 -0.996917 1.000000 1.000000 1.000000
4354.166504 1.000000 3236.500000 0.000000 0.090633 0.000000 -0.995884 1.000000 1.000000 1.000000
4504.500000 1.000000 3188.666748 0.000000 0.216440 0.000000 -0.976296 1.000000 1.000000 1.000000
4574.333496 1.000000 3040.333252 0.000000 -0.116671 0.000000 -0.993171 1.000000 1.000000 1.000000
4745.000000 1.000000 2916.666748 0.000000 -0.377033 0.000000 -0.926200 1.000000 1.000000 1.000000
4872.508301 2.830811 2817.525146 0.000000 0.038388 0.000000 -0.999263 1.000000 1.000000 1.000000
4552.661621 2.035156 3077.530273 0.000000 0.078459 0.000000 -0.996917 1.000000 1.000000 1.000000
4337.166504 1.000000 3160.333252 0.000000 -0.375416 0.000000 -0.926857 1.000000 1.000000 1.000000
4330.166504 1.000000 3042.500000 0.000000 -0.516533 0.000000 -0.856267 1.000000 1.000000 1.000000
4275.500000 1.000000 2870.833252 0.000000 -0.351842 0.000000 -0.936060 1.000000 1.000000 1.000000
4307.500000 1.000000 2781.500000 0.000000 0.203642 0.000000 -0.979045 1.000000 1.000000 1.000000
4526.970215 1.997559 2793.247314 0.000000 -0.271440 0.000000 -0.962455 1.000000 1.000000 1.000000
4152.666504 1.000000 3236.333252 0.000000 0.049721 0.000000 -0.998763 1.000000 1.000000 1.000000
4144.833496 2.664307 3151.166748 0.000000 0.720698 0.000000 -0.693249 1.000000 1.000000 1.000000
4139.666504 3.054932 3020.500000 0.000000 0.652760 0.000000 -0.757565 1.000000 1.000000 1.000000
4069.166748 1.000000 3182.333252 0.000000 -0.149535 0.000000 -0.988756 1.000000 1.000000 1.000000
3875.866455 2.584473 3266.614258 0.000000 0.013090 0.000000 -0.999914 1.000000 1.000000 1.000000
4082.278320 1.962646 3224.261475 0.000000 -0.139567 0.000000 -0.990213 1.000000 1.000000 1.000000
3894.718750 2.073975 3319.025635 0.000000 -0.104528 0.000000 -0.994522 1.000000 1.000000 1.000000
4035.090088 2.075928 3350.905762 0.000000 0.429525 0.000000 -0.903055 1.000000 1.000000 1.000000
"}
object={
	name="bridge indian"
	clamp_to_water_level=no
	render_under_water=yes
	generated_content=no
	layer="temp_layer"
	pdxmesh="bridge_indian_mesh"
	count=85
	transform="4547.000000 1.000000 1205.500000 0.000000 0.620550 0.000000 -0.784167 1.000000 1.000000 1.000000
4568.047852 1.000000 1373.248779 0.000000 0.327218 0.000000 -0.944949 1.000000 1.000000 1.000000
4640.034668 1.000000 1454.125977 0.000000 0.298208 0.000000 -0.954501 1.000000 1.000000 1.000000
4639.381348 1.000000 1554.121948 0.000000 -0.512792 0.000000 -0.858513 1.000000 1.000000 1.000000
4718.666504 1.000000 1505.166626 0.000000 0.394744 0.000000 -0.918791 1.000000 1.000000 1.000000
4785.585449 1.000000 1554.105103 0.000000 0.309197 0.000000 -0.950998 1.000000 1.000000 1.000000
4827.333496 1.000000 1054.500000 0.000000 0.326393 0.000000 -0.945234 1.000000 1.000000 1.000000
4925.000000 1.000000 1070.166626 0.000000 -0.195090 0.000000 -0.980785 1.000000 1.000000 1.000000
5267.333496 1.000000 922.833313 0.000000 -0.417074 0.000000 -0.908872 1.000000 1.000000 1.000000
5324.120605 2.752319 862.864746 0.000000 -0.413899 0.000000 -0.910323 1.000000 1.000000 1.000000
5196.000000 1.000000 517.000000 0.000000 -0.146822 0.000000 -0.989163 1.000000 1.000000 1.000000
5212.333496 1.000000 513.166687 0.000000 -0.078459 0.000000 -0.996917 1.000000 1.000000 1.000000
5232.888184 2.268066 517.487732 0.000000 0.103661 0.000000 -0.994613 1.000000 1.000000 1.000000
5256.833496 1.000000 519.333313 0.000000 0.104528 0.000000 -0.994522 1.000000 1.000000 1.000000
5675.333496 1.000000 1298.000000 0.000000 -0.245307 0.000000 -0.969445 1.000000 1.000000 1.000000
5591.666504 1.000000 1276.000000 0.000000 -0.959067 0.000000 0.283178 1.000000 1.000000 1.000000
5582.036133 2.118774 1316.439575 0.000000 0.644725 0.000000 -0.764415 1.000000 1.000000 1.000000
5606.000000 1.000000 1322.666626 0.000000 0.081069 0.000000 -0.996709 1.000000 1.000000 1.000000
5645.666504 1.000000 1354.000000 0.000000 -0.432086 0.000000 -0.901833 1.000000 1.000000 1.000000
5766.166504 1.000000 1470.166626 0.000000 0.165048 0.000000 -0.986286 1.000000 1.000000 1.000000
5815.166504 1.000000 1487.166626 0.000000 0.252237 0.000000 -0.967666 1.000000 1.000000 1.000000
5552.166504 1.000000 1350.333374 0.000000 -0.480829 0.000000 -0.876814 1.000000 1.000000 1.000000
5415.333496 1.000000 1374.166626 0.000000 -0.154710 0.000000 -0.987960 1.000000 1.000000 1.000000
5292.731934 1.000000 1334.005615 0.000000 0.014576 0.000000 -0.999894 1.000000 1.000000 1.000000
5481.000000 1.000000 1100.666626 0.000000 0.210472 0.000000 -0.977600 1.000000 1.000000 1.000000
5937.166504 1.000000 1212.333374 0.000000 0.342840 0.000000 -0.939394 1.000000 1.000000 1.000000
5967.000000 1.000000 1100.166626 0.000000 0.790500 0.000000 -0.612461 1.000000 1.000000 1.000000
6012.666504 1.000000 994.666687 0.000000 -0.332161 0.000000 -0.943223 1.000000 1.000000 1.000000
5979.000000 1.000000 984.000000 0.000000 0.346117 0.000000 -0.938191 1.000000 1.000000 1.000000
5980.166504 1.000000 1254.500000 0.000000 0.034027 0.000000 -0.999421 1.000000 1.000000 1.000000
4665.533691 1.000000 1684.323486 0.000000 0.248690 0.000000 -0.968583 1.000000 1.000000 1.000000
4668.666504 1.000000 1504.666626 0.000000 0.621389 0.000000 -0.783502 1.000000 1.000000 1.000000
4741.000000 1.000000 1628.500000 0.000000 0.362990 0.000000 -0.931793 1.000000 1.000000 1.000000
4798.000000 1.000000 1133.166626 0.000000 0.710571 0.000000 -0.703625 1.000000 1.000000 1.000000
4823.196777 1.000000 1109.064331 0.000000 0.437063 0.000000 -0.899431 1.000000 1.000000 1.000000
4843.833496 1.000000 1161.000000 0.000000 0.226651 0.000000 -0.973976 1.000000 1.000000 1.000000
4818.166504 1.000000 1076.333374 0.000000 0.094977 0.000000 -0.995479 1.000000 1.000000 1.000000
4935.845215 1.000000 1114.957520 0.000000 0.161102 0.000000 -0.986938 1.000000 1.000000 1.000000
5032.500000 1.000000 1157.000000 0.000000 0.039260 0.000000 -0.999229 1.000000 1.000000 1.000000
5116.166504 1.000000 1195.000000 0.000000 -0.070627 0.000000 -0.997503 1.000000 1.000000 1.000000
5001.333496 1.000000 1087.500000 0.000000 0.367649 0.000000 -0.929965 1.000000 1.000000 1.000000
5236.666504 1.000000 575.666687 0.000000 -0.084547 0.000000 -0.996419 1.000000 1.000000 1.000000
5258.000000 1.000000 619.666687 0.000000 -0.097583 0.000000 -0.995227 1.000000 1.000000 1.000000
5238.666504 1.000000 726.500000 0.000000 -0.052336 0.000000 -0.998630 1.000000 1.000000 1.000000
5127.333496 1.000000 741.666687 0.000000 0.135716 0.000000 -0.990748 1.000000 1.000000 1.000000
5283.323242 1.000000 825.677551 0.000000 -0.466387 0.000000 -0.884581 1.000000 1.000000 1.000000
5176.500000 1.000000 816.000000 0.000000 0.482446 0.000000 -0.875926 1.000000 1.000000 1.000000
5124.000000 1.000000 812.166687 0.000000 -0.387516 0.000000 -0.921863 1.000000 1.000000 1.000000
5031.810547 2.068726 800.440979 0.000000 0.006109 0.000000 -0.999981 1.000000 1.000000 1.000000
5043.833496 1.815735 864.500000 0.000000 -0.337917 0.000000 -0.941176 1.000000 1.000000 1.000000
5117.333496 1.000000 792.500000 0.000000 0.145706 0.000000 -0.989328 1.000000 1.000000 1.000000
5046.500000 1.916626 754.166687 0.000000 0.234294 0.000000 -0.972166 1.000000 1.000000 1.000000
5178.965820 1.633789 966.281799 0.000000 0.031045 0.000000 -0.999518 1.000000 1.000000 1.000000
5105.221191 1.000000 961.023987 0.000000 0.152123 0.000000 -0.988362 1.000000 1.000000 1.000000
5000.000000 1.000000 973.333313 0.000000 -0.039260 0.000000 -0.999229 1.000000 1.000000 1.000000
5188.666504 1.000000 1055.000000 0.000000 -0.270600 0.000000 -0.962692 1.000000 1.000000 1.000000
5179.166504 1.000000 1113.333374 0.000000 0.189095 0.000000 -0.981959 1.000000 1.000000 1.000000
5383.393555 1.000000 1119.561646 0.000000 0.725465 0.000000 -0.688259 1.000000 1.000000 1.000000
5324.500000 1.000000 1150.333374 0.000000 0.196946 0.000000 -0.980414 1.000000 1.000000 1.000000
5225.000000 1.000000 1351.500000 0.000000 -0.180519 0.000000 -0.983571 1.000000 1.000000 1.000000
5152.666504 1.000000 1393.833374 0.000000 -0.484810 0.000000 -0.874620 1.000000 1.000000 1.000000
5089.500000 1.000000 1446.666626 0.000000 -0.222399 0.000000 -0.974956 1.000000 1.000000 1.000000
5023.333496 1.000000 1492.000000 0.000000 -0.340380 0.000000 -0.940288 1.000000 1.000000 1.000000
5011.168457 2.182251 1542.295654 0.000000 0.664080 0.000000 -0.747662 1.000000 1.000000 1.000000
5202.833496 1.000000 1343.000000 0.000000 -0.381070 0.000000 -0.924546 1.000000 1.000000 1.000000
5125.833496 1.000000 1369.166626 0.000000 -0.168489 0.000000 -0.985703 1.000000 1.000000 1.000000
5056.000000 1.000000 1406.666626 0.000000 -0.127930 0.000000 -0.991783 1.000000 1.000000 1.000000
4977.166504 1.000000 1491.333374 0.000000 -0.362438 0.000000 -0.932008 1.000000 1.000000 1.000000
4961.180176 1.000000 1554.147949 0.000000 -0.656318 0.000000 -0.754485 1.000000 1.000000 1.000000
5046.393066 1.000000 1396.130005 0.000000 0.346979 0.000000 -0.937873 1.000000 1.000000 1.000000
4969.666504 1.000000 1325.833374 0.000000 0.384295 0.000000 -0.923210 1.000000 1.000000 1.000000
4968.833496 1.821289 1228.666626 0.000000 -0.464069 0.000000 -0.885799 1.000000 1.000000 1.000000
5127.666504 1.000000 1354.000000 0.000000 0.084547 0.000000 -0.996419 1.000000 1.000000 1.000000
5066.000000 1.000000 1300.166626 0.000000 0.446979 0.000000 -0.894545 1.000000 1.000000 1.000000
5056.833496 1.000000 1224.166626 0.000000 0.697020 0.000000 -0.717052 1.000000 1.000000 1.000000
5343.166504 1.000000 1394.833374 0.000000 -0.000000 0.000000 -1.000000 1.000000 1.000000 1.000000
5219.500000 1.000000 1428.166626 0.000000 -0.216440 0.000000 -0.976296 1.000000 1.000000 1.000000
5476.333496 1.000000 1400.666626 0.000000 -0.414693 0.000000 -0.909961 1.000000 1.000000 1.000000
5596.166504 1.000000 1248.666626 0.000000 0.479075 0.000000 -0.877774 1.000000 1.000000 1.000000
5576.444336 1.000000 1219.666626 0.000000 -0.677518 0.000000 -0.735506 1.000000 1.000000 1.000000
5701.697754 1.000000 1296.768921 0.000000 0.615041 0.000000 -0.788495 1.000000 1.000000 1.000000
5682.333496 1.000000 1363.000000 0.000000 -0.198513 0.000000 -0.980098 1.000000 1.000000 1.000000
5391.045410 1.514893 1360.695801 0.000000 0.681133 0.000000 -0.732160 1.000000 1.000000 1.000000
5334.666504 2.125732 1303.000000 0.000000 0.156097 0.000000 -0.987742 1.000000 1.000000 1.000000
5243.333496 1.000000 1283.500000 0.000000 0.349261 0.000000 -0.937025 1.000000 1.000000 1.000000
"}
object={
	name="bridge mediterranean"
	clamp_to_water_level=no
	render_under_water=yes
	generated_content=no
	layer="temp_layer"
	pdxmesh="bridge_mediterranean_mesh"
	count=51
	transform="535.333313 1.000000 1732.666626 0.000000 -0.477159 0.000000 -0.878817 1.000000 1.000000 1.000000
568.833313 1.000000 1835.666626 0.000000 -0.263873 0.000000 -0.964557 1.000000 1.000000 1.000000
689.166687 1.000000 1760.333374 0.000000 0.071497 0.000000 -0.997441 1.000000 1.000000 1.000000
619.333313 1.000000 1731.833374 0.000000 0.385101 0.000000 -0.922875 1.000000 1.000000 1.000000
1204.333374 1.000000 2138.833252 0.000000 -0.500000 0.000000 -0.866025 1.000000 1.000000 1.000000
901.666687 1.000000 2271.666748 0.000000 -0.441506 0.000000 -0.897258 1.000000 1.000000 1.000000
1511.500000 1.000000 2235.666748 0.000000 -0.265556 0.000000 -0.964095 1.000000 1.000000 1.000000
1554.000000 1.000000 2232.500000 0.000000 0.131391 0.000000 -0.991331 1.000000 1.000000 1.000000
1608.500000 1.000000 2224.666748 0.000000 0.288196 0.000000 -0.957571 1.000000 1.000000 1.000000
2479.333252 1.000000 2185.166748 0.000000 0.168489 0.000000 -0.985703 1.000000 1.000000 1.000000
2370.500000 1.000000 2145.333252 0.000000 0.041004 0.000000 -0.999159 1.000000 1.000000 1.000000
2023.000000 1.000000 2255.333252 0.000000 -0.359183 0.000000 -0.933267 1.000000 1.000000 1.000000
755.833313 1.000000 1760.333374 0.000000 -0.040132 0.000000 -0.999194 1.000000 1.000000 1.000000
658.166687 1.000000 1847.666626 0.000000 0.260505 0.000000 -0.965473 1.000000 1.000000 1.000000
453.666656 1.000000 1843.333374 0.000000 0.439939 0.000000 -0.898028 1.000000 1.000000 1.000000
543.500000 1.000000 1889.833374 0.000000 0.008727 0.000000 -0.999962 1.000000 1.000000 1.000000
642.666687 1.000000 1896.166626 0.000000 0.023560 0.000000 -0.999722 1.000000 1.000000 1.000000
735.333313 1.000000 1898.166626 0.000000 0.078459 0.000000 -0.996917 1.000000 1.000000 1.000000
512.166687 1.000000 1996.000000 0.000000 0.033155 0.000000 -0.999450 1.000000 1.000000 1.000000
588.500000 1.000000 2012.333374 0.000000 0.254602 0.000000 -0.967046 1.000000 1.000000 1.000000
677.500000 1.000000 2020.666626 0.000000 0.084547 0.000000 -0.996419 1.000000 1.000000 1.000000
981.833313 1.000000 1948.666626 0.000000 -0.523986 0.000000 -0.851727 1.000000 1.000000 1.000000
885.500000 1.000000 2023.166626 0.000000 -0.267238 0.000000 -0.963630 1.000000 1.000000 1.000000
842.000000 1.000000 2060.333252 0.000000 -0.179661 0.000000 -0.983729 1.000000 1.000000 1.000000
971.500000 1.000000 1992.000000 0.000000 0.385101 0.000000 -0.922875 1.000000 1.000000 1.000000
917.833313 1.000000 2259.500000 0.000000 -0.164187 0.000000 -0.986429 1.000000 1.000000 1.000000
987.000000 1.000000 2249.166748 0.000000 -0.258819 0.000000 -0.965926 1.000000 1.000000 1.000000
968.000000 1.000000 2365.500000 0.000000 0.659284 0.000000 -0.751894 1.000000 1.000000 1.000000
1224.666626 1.000000 2310.000000 0.000000 -0.000000 0.000000 -1.000000 1.000000 1.000000 1.000000
1206.833374 1.000000 2318.333252 0.000000 -0.405142 0.000000 -0.914254 1.000000 1.000000 1.000000
1209.500000 1.000000 2360.333252 0.000000 0.660924 0.000000 -0.750453 1.000000 1.000000 1.000000
1226.833374 1.000000 2154.333252 0.000000 -0.351842 0.000000 -0.936060 1.000000 1.000000 1.000000
1445.666626 1.000000 2237.833252 0.000000 0.065403 0.000000 -0.997859 1.000000 1.000000 1.000000
1394.000000 1.000000 2250.333252 0.000000 -0.021815 0.000000 -0.999762 1.000000 1.000000 1.000000
1541.666626 1.000000 2126.833252 0.000000 0.073238 0.000000 -0.997314 1.000000 1.000000 1.000000
1587.333374 1.000000 2129.500000 0.000000 0.006109 0.000000 -0.999981 1.000000 1.000000 1.000000
1667.500000 1.000000 1993.833374 0.000000 0.438371 0.000000 -0.898794 1.000000 1.000000 1.000000
1995.500000 1.000000 2275.333252 0.000000 -0.252914 0.000000 -0.967489 1.000000 1.000000 1.000000
2095.666748 1.000000 2210.500000 0.000000 0.351842 0.000000 -0.936060 1.000000 1.000000 1.000000
2019.666626 1.000000 2222.000000 0.000000 0.001745 0.000000 -0.999998 1.000000 1.000000 1.000000
1924.166626 1.000000 2241.166748 0.000000 -0.113203 0.000000 -0.993572 1.000000 1.000000 1.000000
1860.333374 1.000000 2284.833252 0.000000 -0.344479 0.000000 -0.938794 1.000000 1.000000 1.000000
2297.000000 1.000000 2174.500000 0.000000 -0.385101 0.000000 -0.922875 1.000000 1.000000 1.000000
2340.500000 1.000000 2160.333252 0.000000 -0.124467 0.000000 -0.992224 1.000000 1.000000 1.000000
2140.333252 1.000000 2194.333252 0.000000 -0.533615 0.000000 -0.845728 1.000000 1.000000 1.000000
2258.500000 1.000000 1916.166626 0.000000 -0.356738 0.000000 -0.934204 1.000000 1.000000 1.000000
2452.833252 1.000000 1938.166626 0.000000 0.350207 0.000000 -0.936672 1.000000 1.000000 1.000000
2468.500000 1.000000 1988.833374 0.000000 -0.308187 0.000000 -0.951326 1.000000 1.000000 1.000000
2401.666748 1.000000 2025.500000 0.000000 -0.123601 0.000000 -0.992332 1.000000 1.000000 1.000000
2924.833252 1.799194 1695.166626 0.000000 -0.813820 0.000000 -0.581117 1.000000 1.000000 1.000000
2979.628174 1.801147 1724.191040 0.000000 0.238533 0.000000 -0.971134 1.000000 1.000000 1.000000
"}
object={
	name="bridge mena"
	clamp_to_water_level=no
	render_under_water=yes
	generated_content=no
	layer="temp_layer"
	pdxmesh="bridge_mena_mesh"
	count=117
	transform="2759.500000 1.000000 1328.666626 0.000000 0.217292 0.000000 -0.976107 1.000000 1.000000 1.000000
2746.333252 1.000000 1268.500000 0.000000 -0.599923 0.000000 -0.800058 1.000000 1.000000 1.000000
2712.333252 1.000000 1325.333374 0.000000 -0.385044 0.000000 -0.922898 1.000000 1.000000 1.000000
2722.723389 1.000000 1196.263184 0.000000 0.630238 0.000000 -0.776402 1.000000 1.000000 1.000000
2722.166748 1.000000 1169.833374 0.000000 -0.539506 0.000000 -0.841982 1.000000 1.000000 1.000000
2751.166748 1.000000 1133.166626 0.000000 -0.350207 0.000000 -0.936672 1.000000 1.000000 1.000000
2817.666748 1.000000 1079.666626 0.000000 0.219856 0.000000 -0.975532 1.000000 1.000000 1.000000
1531.666626 1.000000 50.000000 0.000000 0.466387 0.000000 -0.884581 1.000000 1.000000 1.000000
1533.500000 1.000000 119.000000 0.000000 0.657516 0.000000 -0.753440 1.000000 1.000000 1.000000
1492.500000 1.000000 260.166656 0.000000 -0.097583 0.000000 -0.995227 1.000000 1.000000 1.000000
1391.000000 1.000000 380.333344 0.000000 -0.119270 0.000000 -0.992862 1.000000 1.000000 1.000000
1283.333374 1.000000 452.666656 0.000000 -0.189952 0.000000 -0.981793 1.000000 1.000000 1.000000
1088.829956 1.493042 637.010925 0.000000 -0.309847 0.000000 -0.950786 1.000000 1.000000 1.000000
922.477478 1.910522 646.664490 0.000000 0.087350 0.000000 -0.996178 1.000000 1.000000 1.000000
826.534241 2.153442 539.718201 0.000000 -0.022117 0.000000 -0.999755 1.000000 1.000000 1.000000
3466.166748 1.000000 1500.333374 0.000000 -0.464069 0.000000 -0.885799 1.000000 1.000000 1.000000
3426.126709 1.000000 1523.959595 0.000000 -0.386262 0.000000 -0.922389 1.000000 1.000000 1.000000
3525.166748 1.000000 1433.166626 0.000000 -0.038388 0.000000 -0.999263 1.000000 1.000000 1.000000
2766.666748 1.935669 1294.666626 0.000000 0.369664 0.000000 -0.929165 1.000000 1.000000 1.000000
2834.000000 1.000000 996.500000 0.000000 0.747019 0.000000 -0.664802 1.000000 1.000000 1.000000
2815.000000 1.000000 951.500000 0.000000 0.501006 0.000000 -0.865444 1.000000 1.000000 1.000000
2781.500000 1.000000 939.000000 0.000000 0.288196 0.000000 -0.957571 1.000000 1.000000 1.000000
2734.333252 1.000000 888.000000 0.000000 0.587008 0.000000 -0.809581 1.000000 1.000000 1.000000
2716.500000 1.632263 791.833313 0.000000 0.739844 0.000000 -0.672778 1.000000 1.000000 1.000000
2784.500000 1.553772 755.666687 0.000000 0.516152 0.000000 -0.856497 1.000000 1.000000 1.000000
2878.000000 1.000000 788.000000 0.000000 0.672649 0.000000 -0.739962 1.000000 1.000000 1.000000
2899.870117 1.376160 721.392639 0.000000 0.587246 0.000000 -0.809409 1.000000 1.000000 1.000000
2833.333252 1.820923 609.500000 0.000000 0.681662 0.000000 -0.731667 1.000000 1.000000 1.000000
2856.000000 1.000000 469.333344 0.000000 0.125333 0.000000 -0.992115 1.000000 1.000000 1.000000
2870.000000 1.000000 606.666687 0.000000 -0.474088 0.000000 -0.880477 1.000000 1.000000 1.000000
2906.500000 1.000000 527.333313 0.000000 -0.220697 0.000000 -0.975342 1.000000 1.000000 1.000000
2994.233643 1.685455 392.250885 0.000000 -0.513541 0.000000 -0.858065 1.000000 1.000000 1.000000
2931.333252 1.000000 713.333313 0.000000 -0.078459 0.000000 -0.996917 1.000000 1.000000 1.000000
3024.945801 1.632019 557.110046 0.000000 -0.355107 0.000000 -0.934826 1.000000 1.000000 1.000000
601.800842 1.000000 1536.329346 0.000000 -0.177944 0.000000 -0.984041 1.000000 1.000000 1.000000
706.284607 1.905029 1513.883301 0.000000 -0.460496 0.000000 -0.887662 1.000000 1.000000 1.000000
514.833313 1.000000 1469.333374 0.000000 -0.449137 0.000000 -0.893463 1.000000 1.000000 1.000000
581.064514 2.058716 1416.379883 0.000000 -0.306100 0.000000 -0.951999 1.000000 1.000000 1.000000
3389.344482 1.000000 1563.515015 0.000000 -0.692419 0.000000 -0.721495 1.000000 1.000000 1.000000
3359.000000 1.000000 1609.333374 0.000000 -0.453990 0.000000 -0.891007 1.000000 1.000000 1.000000
3343.500000 1.000000 1646.833374 0.000000 -0.407534 0.000000 -0.913190 1.000000 1.000000 1.000000
3313.666748 1.000000 1722.500000 0.000000 -0.290702 0.000000 -0.956814 1.000000 1.000000 1.000000
3256.061768 1.431885 1790.350830 0.000000 -0.522499 0.000000 -0.852640 1.000000 1.000000 1.000000
3402.333252 1.000000 1575.500000 0.000000 0.748009 0.000000 -0.663688 1.000000 1.000000 1.000000
3424.500000 1.000000 1616.000000 0.000000 0.473320 0.000000 -0.880891 1.000000 1.000000 1.000000
3447.833252 1.000000 1439.333374 0.000000 -0.091502 0.000000 -0.995805 1.000000 1.000000 1.000000
3395.333252 1.000000 1482.500000 0.000000 -0.489768 0.000000 -0.871853 1.000000 1.000000 1.000000
3317.661621 1.000000 1556.078369 0.000000 -0.327218 0.000000 -0.944949 1.000000 1.000000 1.000000
3206.833252 1.000000 1619.000000 0.000000 -0.351842 0.000000 -0.936060 1.000000 1.000000 1.000000
3145.540283 1.438843 1660.542480 0.000000 0.052336 0.000000 -0.998630 1.000000 1.000000 1.000000
3091.642334 1.832397 1701.198730 0.000000 -0.465615 0.000000 -0.884988 1.000000 1.000000 1.000000
3216.000000 1.903442 1662.833374 0.000000 0.607366 0.000000 -0.794422 1.000000 1.000000 1.000000
3580.000000 1.000000 1418.000000 0.000000 0.785935 0.000000 -0.618309 1.000000 1.000000 1.000000
3592.220703 1.664917 1457.739746 0.000000 0.431655 0.000000 -0.902039 1.000000 1.000000 1.000000
3586.666748 1.000000 1519.166626 0.000000 0.768960 0.000000 -0.639297 1.000000 1.000000 1.000000
3490.000000 1.000000 1516.333374 0.000000 -0.006981 0.000000 -0.999976 1.000000 1.000000 1.000000
3534.833252 1.000000 1457.833374 0.000000 -0.456322 0.000000 -0.889815 1.000000 1.000000 1.000000
3567.000000 1.000000 1955.166626 0.000000 -0.484046 0.000000 -0.875042 1.000000 1.000000 1.000000
3492.333252 1.000000 1987.166626 0.000000 -0.486022 0.000000 -0.873946 1.000000 1.000000 1.000000
3401.000000 1.919067 2034.333374 0.000000 -0.183951 0.000000 -0.982935 1.000000 1.000000 1.000000
3521.166748 1.000000 1951.500000 0.000000 0.381070 0.000000 -0.924546 1.000000 1.000000 1.000000
3795.000000 1.000000 1983.166626 0.000000 -0.372863 0.000000 -0.927886 1.000000 1.000000 1.000000
3913.166748 1.000000 2019.500000 0.000000 0.328867 0.000000 -0.944376 1.000000 1.000000 1.000000
3993.190186 1.653564 2239.632568 0.000000 0.644536 0.000000 -0.764574 1.000000 1.000000 1.000000
4070.790283 1.000000 2141.775635 0.000000 -0.504792 0.000000 -0.863241 1.000000 1.000000 1.000000
4129.333496 1.000000 2108.166748 0.000000 -0.045363 0.000000 -0.998971 1.000000 1.000000 1.000000
4193.833496 1.000000 2017.333374 0.000000 -0.268920 0.000000 -0.963163 1.000000 1.000000 1.000000
4319.000000 1.000000 1927.833374 0.000000 -0.332161 0.000000 -0.943223 1.000000 1.000000 1.000000
4407.500000 1.000000 1905.000000 0.000000 0.056693 0.000000 -0.998392 1.000000 1.000000 1.000000
3993.333252 1.000000 2159.666748 0.000000 0.309993 0.000000 -0.950739 1.000000 1.000000 1.000000
4099.666504 1.000000 2386.833252 0.000000 0.239381 0.000000 -0.970926 1.000000 1.000000 1.000000
4205.666504 1.000000 2390.333252 0.000000 0.227981 0.000000 -0.973666 1.000000 1.000000 1.000000
4349.089844 1.308594 2296.037842 0.000000 -0.068886 0.000000 -0.997625 1.000000 1.000000 1.000000
4433.833496 1.000000 2209.000000 0.000000 -0.439939 0.000000 -0.898028 1.000000 1.000000 1.000000
4485.637207 1.000000 2106.581055 0.000000 -0.413490 0.000000 -0.910509 1.000000 1.000000 1.000000
165.207809 1.000000 652.977295 0.000000 -0.035943 0.000000 -0.999354 1.000000 1.000000 1.000000
270.998596 1.348938 644.479065 0.000000 -0.333367 0.000000 -0.942797 1.000000 1.000000 1.000000
374.965576 1.089233 572.751099 0.000000 -0.168489 0.000000 -0.985703 1.000000 1.000000 1.000000
468.186920 1.000000 507.927948 0.000000 -0.746103 0.000000 -0.665830 1.000000 1.000000 1.000000
477.465851 1.000000 433.525116 0.000000 0.515682 0.000000 -0.856780 1.000000 1.000000 1.000000
1151.725586 1.000000 149.681442 0.000000 -0.668727 0.000000 -0.743508 1.000000 1.000000 1.000000
1128.666626 1.000000 226.333328 0.000000 -0.351025 0.000000 -0.936366 1.000000 1.000000 1.000000
1054.191772 1.000000 300.867035 0.000000 -0.511925 0.000000 -0.859030 1.000000 1.000000 1.000000
1044.666626 1.000000 268.500000 0.000000 0.301755 0.000000 -0.953385 1.000000 1.000000 1.000000
971.309509 1.851166 302.319550 0.000000 0.711495 0.000000 -0.702692 1.000000 1.000000 1.000000
1144.333374 1.000000 257.166656 0.000000 -0.761094 0.000000 -0.648642 1.000000 1.000000 1.000000
1155.500000 1.000000 346.333344 0.000000 0.292372 0.000000 -0.956305 1.000000 1.000000 1.000000
724.235168 1.353943 514.152954 0.000000 0.039260 0.000000 -0.999229 1.000000 1.000000 1.000000
590.666687 1.000000 433.833344 0.000000 0.372743 0.000000 -0.927935 1.000000 1.000000 1.000000
564.285706 1.543427 393.934998 0.000000 0.663259 0.000000 -0.748390 1.000000 1.000000 1.000000
808.500000 1.000000 507.166656 0.000000 0.038388 0.000000 -0.999263 1.000000 1.000000 1.000000
685.500000 1.000000 445.166656 0.000000 0.649684 0.000000 -0.760204 1.000000 1.000000 1.000000
1475.833374 1.000000 289.666656 0.000000 0.625190 0.000000 -0.780472 1.000000 1.000000 1.000000
1484.000000 1.000000 356.500000 0.000000 0.132256 0.000000 -0.991216 1.000000 1.000000 1.000000
1530.500000 1.000000 334.500000 0.000000 0.284015 0.000000 -0.958820 1.000000 1.000000 1.000000
1384.166626 1.000000 462.500000 0.000000 0.253758 0.000000 -0.967268 1.000000 1.000000 1.000000
1922.166626 1.000000 436.500000 0.000000 -0.413899 0.000000 -0.910323 1.000000 1.000000 1.000000
1952.833374 1.000000 386.666656 0.000000 -0.397148 0.000000 -0.917755 1.000000 1.000000 1.000000
2034.362305 2.015472 345.863525 0.000000 0.117091 0.000000 -0.993121 1.000000 1.000000 1.000000
1939.166626 1.000000 366.666656 0.000000 -0.477159 0.000000 -0.878817 1.000000 1.000000 1.000000
1996.000000 1.000000 302.333344 0.000000 -0.235142 0.000000 -0.971961 1.000000 1.000000 1.000000
1950.833374 1.000000 458.333344 0.000000 -0.106372 0.000000 -0.994326 1.000000 1.000000 1.000000
2007.333374 1.000000 502.833344 0.000000 0.394744 0.000000 -0.918791 1.000000 1.000000 1.000000
1815.666626 1.000000 481.666656 0.000000 0.190809 0.000000 -0.981627 1.000000 1.000000 1.000000
1691.833374 1.000000 442.000000 0.000000 0.020070 0.000000 -0.999799 1.000000 1.000000 1.000000
1593.500000 1.000000 409.333344 0.000000 0.054079 0.000000 -0.998537 1.000000 1.000000 1.000000
1680.863525 1.000000 389.722687 0.000000 0.574723 0.000000 -0.818348 1.000000 1.000000 1.000000
748.666687 1.000000 101.166664 0.000000 -0.394744 0.000000 -0.918791 1.000000 1.000000 1.000000
699.833313 1.000000 219.833328 0.000000 -0.481754 0.000000 -0.876307 1.000000 1.000000 1.000000
840.333313 1.000000 128.500000 0.000000 -0.371368 0.000000 -0.928486 1.000000 1.000000 1.000000
795.280212 2.078522 239.315048 0.000000 0.377442 0.000000 -0.926033 1.000000 1.000000 1.000000
933.000000 2.572815 130.500000 0.000000 0.471012 0.000000 -0.882127 1.000000 1.000000 1.000000
921.000000 1.000000 198.666672 0.000000 0.360811 0.000000 -0.932639 1.000000 1.000000 1.000000
533.000000 1.000000 198.000000 0.000000 -0.078459 0.000000 -0.996917 1.000000 1.000000 1.000000
304.000000 1.000000 341.500000 0.000000 0.488621 0.000000 -0.872496 1.000000 1.000000 1.000000
231.166672 1.000000 427.666656 0.000000 -0.325568 0.000000 -0.945519 1.000000 1.000000 1.000000
304.500000 1.000000 450.500000 0.000000 -0.000000 0.000000 -1.000000 1.000000 1.000000 1.000000
"}
object={
	name="bridge western"
	clamp_to_water_level=no
	render_under_water=yes
	generated_content=no
	layer="temp_layer"
	pdxmesh="bridge_western_mesh"
	count=91
	transform="987.166687 1.000000 2786.333252 0.000000 -0.234294 0.000000 -0.972166 1.000000 1.000000 1.000000
948.333313 1.000000 2791.833252 0.000000 0.056671 0.000000 -0.998393 1.000000 1.000000 1.000000
925.666687 1.000000 2450.833252 0.000000 -0.286525 0.000000 -0.958073 1.000000 1.000000 1.000000
988.666687 1.000000 2619.000000 0.000000 -0.349390 0.000000 -0.936977 1.000000 1.000000 1.000000
838.333313 1.000000 2449.500000 0.000000 -0.123601 0.000000 -0.992332 1.000000 1.000000 1.000000
1032.166626 1.000000 2582.000000 0.000000 -0.436017 0.000000 -0.899939 1.000000 1.000000 1.000000
1061.000000 1.000000 2570.000000 0.000000 -0.164187 0.000000 -0.986429 1.000000 1.000000 1.000000
1277.500000 1.000000 2794.333252 0.000000 0.362438 0.000000 -0.932008 1.000000 1.000000 1.000000
1328.000000 1.000000 2762.500000 0.000000 -0.401948 0.000000 -0.915663 1.000000 1.000000 1.000000
1505.833374 1.000000 2916.333252 0.000000 -0.306526 0.000000 -0.951862 1.000000 1.000000 1.000000
1600.800049 1.675049 2866.281006 0.000000 -0.326393 0.000000 -0.945234 1.000000 1.000000 1.000000
1386.666626 1.000000 3396.000000 0.000000 -0.632705 0.000000 -0.774393 1.000000 1.000000 1.000000
1420.500000 1.000000 3471.166748 0.000000 -0.124467 0.000000 -0.992224 1.000000 1.000000 1.000000
1016.833313 1.000000 2471.333252 0.000000 0.138309 0.000000 -0.990389 1.000000 1.000000 1.000000
1061.833374 1.000000 2475.333252 0.000000 -0.275637 0.000000 -0.961262 1.000000 1.000000 1.000000
1122.833374 1.000000 2392.833252 0.000000 -0.026177 0.000000 -0.999657 1.000000 1.000000 1.000000
957.833313 1.000000 2425.166748 0.000000 -0.078459 0.000000 -0.996917 1.000000 1.000000 1.000000
1087.833374 1.000000 2529.833252 0.000000 -0.586372 0.000000 -0.810042 1.000000 1.000000 1.000000
1130.833374 1.000000 2532.000000 0.000000 -0.000000 0.000000 -1.000000 1.000000 1.000000 1.000000
1116.166626 1.000000 2492.500000 0.000000 -0.488621 0.000000 -0.872496 1.000000 1.000000 1.000000
1099.166626 1.000000 2569.833252 0.000000 0.061049 0.000000 -0.998135 1.000000 1.000000 1.000000
1161.500000 1.000000 2573.166748 0.000000 -0.184809 0.000000 -0.982774 1.000000 1.000000 1.000000
1204.666626 1.000000 2538.833252 0.000000 -0.094108 0.000000 -0.995562 1.000000 1.000000 1.000000
1066.333374 1.000000 2588.500000 0.000000 0.174508 0.000000 -0.984656 1.000000 1.000000 1.000000
1110.500000 1.000000 2621.000000 0.000000 0.243615 0.000000 -0.969872 1.000000 1.000000 1.000000
1116.333374 1.000000 2605.666748 0.000000 -0.161604 0.000000 -0.986856 1.000000 1.000000 1.000000
1195.500000 1.000000 2607.666748 0.000000 -0.114937 0.000000 -0.993373 1.000000 1.000000 1.000000
1194.166626 1.000000 2752.333252 0.000000 -0.132256 0.000000 -0.991216 1.000000 1.000000 1.000000
1136.333374 1.000000 2697.666748 0.000000 -0.317305 0.000000 -0.948324 1.000000 1.000000 1.000000
893.333313 1.000000 2793.000000 0.000000 -0.415473 0.000000 -0.909606 1.000000 1.000000 1.000000
834.166687 1.000000 2828.000000 0.000000 0.335452 0.000000 -0.942057 1.000000 1.000000 1.000000
837.833313 1.000000 2853.166748 0.000000 -0.671971 0.000000 -0.740577 1.000000 1.000000 1.000000
815.666687 1.000000 2893.333252 0.000000 -0.263873 0.000000 -0.964557 1.000000 1.000000 1.000000
863.500000 1.000000 2848.833252 0.000000 0.319132 0.000000 -0.947710 1.000000 1.000000 1.000000
929.598145 1.000000 2950.371338 0.000000 0.519402 0.000000 -0.854530 1.000000 1.000000 1.000000
909.193359 1.000000 2907.866455 0.000000 0.298431 0.000000 -0.954431 1.000000 1.000000 1.000000
929.000000 1.000000 2967.333252 0.000000 -0.226166 0.000000 -0.974089 1.000000 1.000000 1.000000
909.833313 2.652588 2992.500000 0.000000 -0.424990 0.000000 -0.905198 1.000000 1.000000 1.000000
954.500000 1.263184 2874.166748 0.000000 -0.037157 0.000000 -0.999309 1.000000 1.000000 1.000000
932.569763 1.778076 2859.733887 0.000000 0.340612 0.000000 -0.940204 1.000000 1.000000 1.000000
479.165680 1.000000 2911.270020 0.000000 0.105396 0.000000 -0.994430 1.000000 1.000000 1.000000
532.833313 1.642822 2947.166748 0.000000 0.436195 0.000000 -0.899852 1.000000 1.000000 1.000000
1362.000000 1.000000 2680.000000 0.000000 -0.328042 0.000000 -0.944663 1.000000 1.000000 1.000000
1380.000000 1.000000 2646.833252 0.000000 -0.342840 0.000000 -0.939394 1.000000 1.000000 1.000000
1412.833374 1.000000 2576.666748 0.000000 0.418660 0.000000 -0.908143 1.000000 1.000000 1.000000
1377.000000 1.000000 2522.666748 0.000000 0.447759 0.000000 -0.894154 1.000000 1.000000 1.000000
1429.333374 1.000000 2650.500000 0.000000 0.107999 0.000000 -0.994151 1.000000 1.000000 1.000000
1472.500000 1.000000 2619.833252 0.000000 0.168489 0.000000 -0.985703 1.000000 1.000000 1.000000
1345.666626 1.000000 2651.666748 0.000000 0.278153 0.000000 -0.960537 1.000000 1.000000 1.000000
1295.000000 1.000000 2599.500000 0.000000 0.240228 0.000000 -0.970716 1.000000 1.000000 1.000000
1281.666626 1.000000 2533.333252 0.000000 -0.270600 0.000000 -0.962692 1.000000 1.000000 1.000000
1302.000000 1.000000 2809.500000 0.000000 0.298208 0.000000 -0.954501 1.000000 1.000000 1.000000
1302.000000 1.000000 2830.666748 0.000000 -0.104528 0.000000 -0.994522 1.000000 1.000000 1.000000
1284.833374 1.000000 2781.166748 0.000000 -0.158158 0.000000 -0.987414 1.000000 1.000000 1.000000
1281.500000 1.000000 2740.000000 0.000000 0.224951 0.000000 -0.974370 1.000000 1.000000 1.000000
1239.000000 1.000000 2691.166748 0.000000 -0.014835 0.000000 -0.999890 1.000000 1.000000 1.000000
1206.500000 1.000000 2630.333252 0.000000 -0.064532 0.000000 -0.997916 1.000000 1.000000 1.000000
1239.166626 1.000000 2579.666748 0.000000 -0.049721 0.000000 -0.998763 1.000000 1.000000 1.000000
1302.166626 1.000000 2499.166748 0.000000 -0.166769 0.000000 -0.985996 1.000000 1.000000 1.000000
1375.166626 1.000000 2887.666748 0.000000 0.541206 0.000000 -0.840890 1.000000 1.000000 1.000000
1373.500000 1.000000 2828.666748 0.000000 -0.438371 0.000000 -0.898794 1.000000 1.000000 1.000000
1438.000000 2.016846 2892.500000 0.000000 -0.382067 0.000000 -0.924135 1.000000 1.000000 1.000000
1453.666626 1.619385 2824.000000 0.000000 -0.837866 0.000000 -0.545877 1.000000 1.000000 1.000000
1480.166626 1.000000 2794.166748 0.000000 -0.342840 0.000000 -0.939394 1.000000 1.000000 1.000000
1625.166626 1.000000 2781.000000 0.000000 0.082808 0.000000 -0.996566 1.000000 1.000000 1.000000
1685.000000 1.000000 2727.166748 0.000000 -0.418660 0.000000 -0.908143 1.000000 1.000000 1.000000
1599.833374 1.000000 2785.833252 0.000000 0.385906 0.000000 -0.922538 1.000000 1.000000 1.000000
1605.666626 1.000000 2749.833252 0.000000 -0.637836 0.000000 -0.770172 1.000000 1.000000 1.000000
1587.662720 1.412842 2709.261719 0.000000 -0.821541 0.000000 -0.570149 1.000000 1.000000 1.000000
1625.429321 1.000000 2844.675049 0.000000 -0.451656 0.000000 -0.892192 1.000000 1.000000 1.000000
1739.166626 1.000000 2890.000000 0.000000 0.528393 0.000000 -0.849000 1.000000 1.000000 1.000000
1742.887695 1.000000 2817.992188 0.000000 0.714171 0.000000 -0.699971 1.000000 1.000000 1.000000
1780.500000 1.000000 2790.000000 0.000000 -0.028104 0.000000 -0.999605 1.000000 1.000000 1.000000
1850.958496 1.200928 2726.482178 0.000000 -0.457874 0.000000 -0.889017 1.000000 1.000000 1.000000
1794.666626 1.000000 2846.333252 0.000000 0.085417 0.000000 -0.996345 1.000000 1.000000 1.000000
1849.833374 1.000000 2836.833252 0.000000 -0.046235 0.000000 -0.998931 1.000000 1.000000 1.000000
1630.166626 1.000000 3226.166748 0.000000 0.336274 0.000000 -0.941764 1.000000 1.000000 1.000000
1703.833374 1.000000 3331.666748 0.000000 -0.709778 0.000000 -0.704425 1.000000 1.000000 1.000000
1830.500000 1.000000 3258.500000 0.000000 -0.025305 0.000000 -0.999680 1.000000 1.000000 1.000000
1771.500000 1.000000 3267.500000 0.000000 0.065135 0.000000 -0.997876 1.000000 1.000000 1.000000
1879.666626 1.000000 2476.500000 0.000000 -0.245307 0.000000 -0.969445 1.000000 1.000000 1.000000
1739.000000 1.000000 2488.166748 0.000000 -0.130526 0.000000 -0.991445 1.000000 1.000000 1.000000
1683.500000 1.000000 2516.333252 0.000000 -0.149535 0.000000 -0.988756 1.000000 1.000000 1.000000
1640.166626 1.000000 2542.666748 0.000000 -0.458843 0.000000 -0.888517 1.000000 1.000000 1.000000
1588.166626 1.000000 2531.666748 0.000000 -0.000000 0.000000 -1.000000 1.000000 1.000000 1.000000
1512.166626 1.000000 2507.833252 0.000000 0.132256 0.000000 -0.991216 1.000000 1.000000 1.000000
1904.000000 1.000000 2321.500000 0.000000 -0.265556 0.000000 -0.964095 1.000000 1.000000 1.000000
1851.166626 1.000000 2354.666748 0.000000 -0.171069 0.000000 -0.985259 1.000000 1.000000 1.000000
1695.500000 1.000000 2504.000000 0.000000 0.331978 0.000000 -0.943287 1.000000 1.000000 1.000000
1623.000000 1.000000 2453.500000 0.000000 0.195946 0.000000 -0.980615 1.000000 1.000000 1.000000
1887.666626 1.000000 2507.833252 0.000000 0.430511 0.000000 -0.902585 1.000000 1.000000 1.000000
"}
